5_o_Clock_Shadow Arched_Eyebrows Attractive Bags_Under_Eyes Bald Bangs Big_Lips Big_Nose Black_Hair Blond_Hair Blurry Brown_Hair Bushy_Eyebrows Chubby Double_Chin Eyeglasses Goatee Gray_Hair Heavy_Makeup High_Cheekbones Male Mouth_Slightly_Open Mustache Narrow_Eyes No_Beard Oval_Face Pale_Skin Pointy_Nose Receding_Hairline Rosy_Cheeks Sideburns Smiling Straight_Hair Wavy_Hair Wearing_Earrings Wearing_Hat Wearing_Lipstick Wearing_Necklace Wearing_Necktie Young
5_o_Clock_Shadow 0 94.39108 73.22086 13.57959 19.25908 75.72094 63.68608 10.46738 32.87195 110.93910 38.76771 60.69060 18.79746 9.70133 11.89296 26.93904 6.38524 20.47702 113.51196 51.36074 2.40620 43.68126 7.93037 41.10178 54.20052 50.55753 76.89548 68.06897 18.03184 105.10676 5.16940 44.48324 35.75447 85.16192 85.01208 65.91562 107.50711 92.47912 42.70967 53.19947
Arched_Eyebrows 94.39108 0 3.75003 55.78012 129.39795 10.59078 7.68675 60.36412 32.17147 13.48709 42.83204 10.72469 43.67327 96.45525 100.51450 96.90194 105.28317 108.49130 3.08451 12.48070 90.45726 18.27326 105.97863 22.49726 10.88945 13.49666 11.13093 5.41605 57.14902 6.33508 104.26857 16.88697 26.23215 4.18353 3.16280 124.23908 2.43650 4.14441 140.90927 11.65045
Attractive 73.22086 3.75003 0 38.35709 108.57459 7.49660 3.22759 42.18564 20.06585 16.55609 31.94594 3.77797 28.09367 75.50114 79.12786 76.38468 84.51000 86.93216 10.49496 5.03637 69.76748 8.97409 85.28240 12.87060 3.70213 4.80524 7.24954 1.17403 40.95112 12.26045 83.29424 7.32689 13.11228 3.50318 5.94890 109.39855 8.64458 7.20994 120.53385 4.19166
Bags_Under_Eyes 13.57959 55.78012 38.35709 0 33.16295 42.78083 31.48292 3.21649 15.49866 71.26262 20.21245 29.75828 5.83538 13.56136 15.98502 32.04095 20.50980 21.39174 75.19124 20.40530 10.27590 15.95771 21.13479 12.81777 23.17170 21.25464 42.52808 33.83306 6.68487 69.20728 19.15433 16.41617 12.10077 48.35892 50.69365 68.72688 69.89644 57.31559 52.41570 23.96398
Bald 19.25908 129.39795 108.57459 33.16295 0 109.77742 97.00981 29.19580 60.14412 143.45153 65.71842 94.39629 44.43828 14.12661 13.95972 39.34513 18.66994 15.49361 149.23703 82.24889 17.00991 73.74368 18.77806 69.85628 86.19807 81.68657 110.58005 100.89302 28.95731 139.44736 19.25662 74.80363 61.91543 120.05399 120.82849 91.25509 143.49641 128.91486 27.66750 87.23832
Bangs 75.72094 10.59078 7.49660 42.78083 109.77742 0 9.70472 45.94422 26.77967 17.58392 32.36509 10.83828 36.10887 78.03738 81.75671 77.46960 86.53960 86.05535 14.17109 11.85287 71.06005 15.81376 86.53623 18.06063 9.58047 12.86548 7.17742 8.48293 47.21603 16.86200 84.89611 14.10891 19.59829 7.65511 10.30009 112.39088 11.71274 8.98996 123.40866 11.01946
Big_Lips 63.68608 7.68675 3.22759 31.48292 97.00981 9.70472 0 32.19107 14.56584 22.20161 22.79015 5.47626 22.39583 63.07782 68.60810 64.03341 70.45539 78.61747 16.79096 4.43862 58.62822 5.32623 71.05723 8.62872 2.00124 3.92333 8.81781 2.57430 32.67255 19.14040 71.12199 6.14056 11.20137 6.76012 7.05486 91.24859 14.13262 9.47285 114.47896 1.72521
Big_Nose 10.46738 60.36412 42.18564 3.21649 29.19580 45.94422 32.19107 0 14.12156 77.12175 19.68338 33.61227 6.62204 8.09038 11.56319 21.67457 13.23575 20.53235 79.75824 23.95320 6.98109 18.00144 13.33527 16.70005 25.45941 23.65611 45.65865 36.78214 5.50630 73.57233 13.63509 19.04661 14.83284 51.80036 53.50576 60.00947 74.10695 59.73256 51.24354 25.69627
Black_Hair 32.87195 32.17147 20.06585 15.49866 60.14412 26.77967 14.56584 14.12156 0 57.42956 22.12148 16.21914 5.68024 34.75310 40.34912 43.81317 40.73370 51.56422 47.78091 13.05045 29.39232 10.71774 40.99804 10.92166 11.76490 10.92522 26.58497 18.09858 13.31504 46.86958 40.90048 11.58851 6.74687 29.75221 28.30836 79.98567 43.84137 36.74120 78.92109 10.90736
Blond_Hair 110.93910 13.48709 16.55609 71.26262 143.45153 17.58392 22.20161 77.12175 57.42956 0 51.35188 20.54764 66.39002 112.94215 115.62122 108.15483 121.70499 115.96872 13.00075 24.46515 106.70936 30.34142 123.14535 35.79559 23.44095 27.19393 20.86197 17.60643 74.60080 14.81799 120.32229 29.00387 41.94422 11.01110 16.16780 139.85271 11.69640 10.46963 157.51992 25.58883
Blurry 38.76771 42.83204 31.94594 20.21245 65.71842 32.36509 22.79015 19.68338 22.12148 51.35188 0 24.62181 22.66566 38.88379 45.74096 41.42067 40.38035 51.15229 57.13630 20.44089 31.79387 14.99591 41.48413 13.05170 17.71422 21.39801 33.60446 26.98464 22.61134 57.56736 40.97021 18.85513 19.88973 34.30498 36.71199 67.82922 51.62819 38.77051 95.33758 17.72858
Brown_Hair 60.69060 10.72469 3.77797 29.75828 94.39629 10.83828 5.47626 33.61227 16.21914 20.54764 24.62181 0 21.83480 64.46744 68.25311 65.81551 71.99417 74.99130 20.08727 4.42367 57.63128 6.39402 73.60351 9.49715 3.42923 4.08148 11.55487 3.72751 32.05810 20.68089 70.42219 5.69181 9.32659 6.48313 11.50478 104.02806 17.12185 12.92508 110.44368 3.78632
Bushy_Eyebrows 18.79746 43.67327 28.09367 5.83538 44.43828 36.10887 22.39583 6.62204 5.68024 66.39002 22.66566 21.83480 0 22.20064 26.09322 38.60022 27.21820 36.27411 62.06055 15.96177 17.17942 12.74328 28.03718 11.51437 17.13968 14.36350 34.78181 25.13314 8.76743 57.75889 26.16128 13.10664 8.06653 39.46936 39.94714 71.11690 57.76133 48.25888 63.28640 16.31988
Chubby 9.70133 96.45525 75.50114 13.56136 14.12661 78.03738 63.07782 8.09038 34.75310 112.94215 38.88379 64.46744 22.20064 0 2.85975 20.74358 8.27911 11.48537 117.21291 51.39473 5.89026 43.21154 7.29013 40.53495 54.18238 51.17648 77.29913 68.34564 13.89980 108.76035 9.07250 44.22518 37.25157 86.13032 88.01944 63.58785 111.12218 94.83681 32.75671 55.12804
Double_Chin 11.89296 100.51450 79.12786 15.98502 13.95972 81.75671 68.60810 11.56319 40.34912 115.62122 45.74096 68.25311 26.09322 2.85975 0 24.71429 12.79751 8.36477 120.87707 54.27846 9.30732 47.31362 11.65055 45.19940 58.92913 54.88211 81.75709 71.92980 17.07673 110.14241 12.67122 46.62217 40.62749 89.46550 93.18545 74.29453 115.04761 98.83305 26.09269 60.73875
Eyeglasses 26.93904 96.90194 76.38468 32.04095 39.34513 77.46960 64.03341 21.67457 43.81317 108.15483 41.42067 65.81551 38.60022 20.74358 24.71429 0 22.43995 33.42255 114.69887 57.82427 22.32064 48.41396 21.23901 49.22164 56.37997 56.48004 76.32597 69.82207 29.46352 109.88963 25.34149 50.48610 44.64128 83.74872 88.01692 66.81274 108.06932 90.99867 60.92787 56.87537
Goatee 6.38524 105.28317 84.51000 20.50980 18.66994 86.53960 70.45539 13.23575 40.73370 121.70499 40.38035 71.99417 27.21820 8.27911 12.79751 22.43995 0 23.17612 124.98967 61.13472 5.41757 51.33471 2.55609 48.61921 62.84202 60.20848 86.76999 77.37941 22.60088 117.27303 2.29170 53.78018 46.00882 95.01469 95.03843 56.95602 118.59594 101.67404 48.39303 61.43528
Gray_Hair 20.47702 108.49130 86.93216 21.39174 15.49361 86.05535 78.61747 20.53235 51.56422 115.96872 51.15229 74.99130 36.27411 11.48537 8.36477 33.42255 23.17612 0 127.81896 62.30753 16.82101 56.35250 21.74940 52.20845 66.71766 63.77046 86.67165 79.06211 22.94153 117.88565 21.17074 55.15754 46.82949 94.93063 102.70989 93.69782 122.02755 106.53707 25.58374 70.03337
Heavy_Makeup 113.51196 3.08451 10.49496 75.19124 149.23703 14.17109 16.79096 79.75824 47.78091 13.00075 57.13630 20.08727 62.06055 117.21291 120.87707 114.69887 124.98967 127.81896 0 23.66841 109.94092 31.37864 125.61140 36.77908 21.47190 25.06963 16.54361 13.52257 77.11250 5.12542 123.70110 29.31162 41.13698 8.15850 6.12633 140.99771 0.31599 4.95867 157.12130 22.49173
High_Cheekbones 51.36074 12.48070 5.03637 20.40530 82.24889 11.85287 4.43862 23.95320 13.05045 24.46515 20.44089 4.42367 15.96177 51.39473 54.27846 57.82427 61.13472 62.30753 23.66841 0 47.48817 1.71900 62.56287 4.82132 2.00592 1.22961 13.32574 3.87139 23.64424 20.33467 60.33332 0.63903 6.16617 9.59402 11.38194 92.84327 20.59986 14.11765 98.15791 2.94296
Male 2.40620 90.45726 69.76748 10.27590 17.00991 71.06005 58.62822 6.98109 29.39232 106.70936 31.79387 57.63128 17.17942 5.89026 9.30732 22.32064 5.41757 16.82101 109.94092 47.48817 0 38.75399 6.05736 35.47942 48.78961 46.79080 71.45748 63.91543 13.74439 103.45569 5.49711 40.99206 32.04120 81.20576 80.66855 59.64366 103.72081 88.60917 40.39792 48.52589
Mouth_Slightly_Open 43.68126 18.27326 8.97409 15.95771 73.74368 15.81376 5.32623 18.00144 10.71774 30.34142 14.99591 6.39402 12.74328 43.21154 47.31362 48.41396 51.33471 56.35250 31.37864 1.71900 38.75399 0 52.93052 2.62797 2.13990 2.22540 16.29699 6.83499 18.63315 29.16129 51.49422 1.46015 5.06052 14.33447 15.06555 79.88686 27.55991 18.93901 92.73641 2.43757
Mustache 7.93037 105.97863 85.28240 21.13479 18.77806 86.53623 71.05723 13.33527 40.99804 123.14535 41.48413 73.60351 28.03718 7.29013 11.65055 21.23901 2.55609 21.74940 125.61140 62.56287 6.05736 52.93052 0 49.70513 63.53809 61.74427 86.14612 78.09842 23.00120 118.72244 4.04622 55.10425 46.77557 95.81495 96.15062 56.52473 119.26691 102.79281 45.14452 62.68717
Narrow_Eyes 41.10178 22.49726 12.87060 12.81777 69.85628 18.06063 8.62872 16.70005 10.92166 35.79559 13.05170 9.49715 11.51437 40.53495 45.19940 49.22164 48.61921 52.20845 36.77908 4.82132 35.47942 2.62797 49.70513 0 4.57943 6.05595 17.84108 10.29057 17.32341 35.80093 47.84555 4.49658 6.12763 18.30697 19.59612 78.33722 32.77115 24.24713 89.42288 5.06267
No_Beard 54.20052 10.88945 3.70213 23.17170 86.19807 9.58047 2.00124 25.45941 11.76490 23.44095 17.71422 3.42923 17.13968 54.18238 58.92913 56.37997 62.84202 66.71766 21.47190 2.00592 48.78961 2.13990 63.53809 4.57943 0 1.77817 9.16122 2.56445 25.31397 22.72579 62.67353 2.92855 6.09787 8.15685 9.64251 88.30407 18.23575 12.62410 103.30127 0.61668
Oval_Face 50.55753 13.49666 4.80524 21.25464 81.68657 12.86548 3.92333 23.65611 10.92522 27.19393 21.39801 4.08148 14.36350 51.17648 54.88211 56.48004 60.20848 63.77046 25.06963 1.22961 46.79080 2.22540 61.74427 6.05595 1.77817 0 13.08578 4.08302 23.04252 23.13910 59.88265 1.67628 5.13579 10.77900 12.46719 91.02613 22.02548 15.90988 98.02709 1.98474
Pale_Skin 76.89548 11.13093 7.24954 42.52808 110.58005 7.17742 8.81781 45.65865 26.58497 20.86197 33.60446 11.55487 34.78181 77.29913 81.75709 76.32597 86.76999 86.67165 16.54361 13.32574 71.45748 16.29699 86.14612 17.84108 9.16122 13.08578 0 8.49736 46.66731 22.38321 85.33774 15.34493 19.65777 9.46709 12.44212 106.96506 14.16712 12.49168 122.76564 10.32104
Pointy_Nose 68.06897 5.41605 1.17403 33.83306 100.89302 8.48293 2.57430 36.78214 18.09858 17.60643 26.98464 3.72751 25.13314 68.34564 71.92980 69.82207 77.37941 79.06211 13.52257 3.87139 63.91543 6.83499 78.09842 10.29057 2.56445 4.08302 8.49736 0 35.34920 14.01912 76.39605 5.72227 11.42330 3.77228 7.24282 104.33799 11.39908 8.37585 114.67170 3.43242
Receding_Hairline 18.03184 57.14902 40.95112 6.68487 28.95731 47.21603 32.67255 5.50630 13.31504 74.60080 22.61134 32.05810 8.76743 13.89980 17.07673 29.46352 22.60088 22.94153 77.11250 23.64424 13.74439 18.63315 23.00120 17.32341 25.31397 23.04252 46.66731 35.34920 0 70.87320 22.96836 19.66863 13.44847 50.69275 51.50563 75.85231 71.89706 59.75333 52.26650 26.34066
Rosy_Cheeks 105.10676 6.33508 12.26045 69.20728 139.44736 16.86200 19.14040 73.57233 46.86958 14.81799 57.56736 20.68089 57.75889 108.76035 110.14241 109.88963 117.27303 117.88565 5.12542 20.33467 103.45569 29.16129 118.72244 35.80093 22.72579 23.13910 22.38321 14.01912 70.87320 0 115.51455 24.94320 39.08340 10.11292 8.75336 141.39790 5.44882 7.23528 147.29461 24.31533
Sideburns 5.16940 104.26857 83.29424 19.15433 19.25662 84.89611 71.12199 13.63509 40.90048 120.32229 40.97021 70.42219 26.16128 9.07250 12.67122 25.34149 2.29170 21.17074 123.70110 60.33332 5.49711 51.49422 4.04622 47.84555 62.67353 59.88265 85.33774 76.39605 22.96836 115.51455 0 52.98893 45.30855 93.21187 95.07022 61.76968 117.48224 101.12437 46.19713 61.54336
Smiling 44.48324 16.88697 7.32689 16.41617 74.80363 14.10891 6.14056 19.04661 11.58851 29.00387 18.85513 5.69181 13.10664 44.22518 46.62217 50.48610 53.78018 55.15754 29.31162 0.63903 40.99206 1.46015 55.10425 4.49658 2.92855 1.67628 15.34493 5.72227 19.66863 24.94320 52.98893 0 4.89370 12.64583 15.27807 88.01919 25.78659 17.89790 90.32812 3.85351
Straight_Hair 35.75447 26.23215 13.11228 12.10077 61.91543 19.59829 11.20137 14.83284 6.74687 41.94422 19.88973 9.32659 8.06653 37.25157 40.62749 44.64128 46.00882 46.82949 41.13698 6.16617 32.04120 5.06052 46.77557 6.12763 6.09787 5.13579 19.65777 11.42330 13.44847 39.08340 45.30855 4.89370 0 22.41432 24.55666 87.70065 37.07032 29.79684 79.01374 6.62805
Wavy_Hair 85.16192 4.18353 3.50318 48.35892 120.05399 7.65511 6.76012 51.80036 29.75221 11.01110 34.30498 6.48313 39.46936 86.13032 89.46550 83.74872 95.01469 94.93063 8.15850 9.59402 81.20576 14.33447 95.81495 18.30697 8.15685 10.77900 9.46709 3.77228 50.69275 10.11292 93.21187 12.64583 22.41432 0 7.20526 119.78576 6.46285 4.58484 131.28285 9.42513
Wearing_Earrings 85.01208 3.16280 5.94890 50.69365 120.82849 10.30009 7.05486 53.50576 28.30836 16.16780 36.71199 11.50478 39.94714 88.01944 93.18545 88.01692 95.03843 102.70989 6.12633 11.38194 80.66855 15.06555 96.15062 19.59612 9.64251 12.46719 12.44212 7.24282 51.50563 8.75336 95.07022 15.27807 24.55666 7.20526 0 111.69165 4.75690 3.65936 135.35480 9.83549
Wearing_Hat 65.91562 124.23908 109.39855 68.72688 91.25509 112.39088 91.24859 60.00947 79.98567 139.85271 67.82922 104.02806 71.11690 63.58785 74.29453 66.81274 56.95602 93.69782 140.99771 92.84327 59.64366 79.88686 56.52473 78.33722 88.30407 91.02613 106.96506 104.33799 75.85231 141.39790 61.76968 88.01919 87.70065 119.78576 111.69165 0 135.28221 118.86475 122.20715 84.80478
Wearing_Lipstick 107.50711 2.43650 8.64458 69.89644 143.49641 11.71274 14.13262 74.10695 43.84137 11.69640 51.62819 17.12185 57.76133 111.12218 115.04761 108.06932 118.59594 122.02755 0.31599 20.59986 103.72081 27.55991 119.26691 32.77115 18.23575 22.02548 14.16712 11.39908 71.89706 5.44882 117.48224 25.78659 37.07032 6.46285 4.75690 135.28221 0 3.49023 152.76249 19.22739
Wearing_Necklace 92.47912 4.14441 7.20994 57.31559 128.91486 8.98996 9.47285 59.73256 36.74120 10.46963 38.77051 12.92508 48.25888 94.83681 98.83305 90.99867 101.67404 106.53707 4.95867 14.11765 88.60917 18.93901 102.79281 24.24713 12.62410 15.90988 12.49168 8.37585 59.75333 7.23528 101.12437 17.89790 29.79684 4.58484 3.65936 118.86475 3.49023 0 141.48717 13.40154
Wearing_Necktie 42.70967 140.90927 120.53385 52.41570 27.66750 123.40866 114.47896 51.24354 78.92109 157.51992 95.33758 110.44368 63.28640 32.75671 26.09269 60.92787 48.39303 25.58374 157.12130 98.15791 40.39792 92.73641 45.14452 89.42288 103.30127 98.02709 122.76564 114.67170 52.26650 147.29461 46.19713 90.32812 79.01374 131.28285 135.35480 122.20715 152.76249 141.48717 0 106.33864
Young 53.19947 11.65045 4.19166 23.96398 87.23832 11.01946 1.72521 25.69627 10.90736 25.58883 17.72858 3.78632 16.31988 55.12804 60.73875 56.87537 61.43528 70.03337 22.49173 2.94296 48.52589 2.43757 62.68717 5.06267 0.61668 1.98474 10.32104 3.43242 26.34066 24.31533 61.54336 3.85351 6.62805 9.42513 9.83549 84.80478 19.22739 13.40154 106.33864 0
